OrgId,X-Coord,Y-Coord,Angle,Curvature,PLC-Bits,PLC-Word,PLC-Word2,ChangeTime,Remark
11,45366,22011,18000,0,0,0,0,1697729246, 
12,50976,22011,18000,0,0,0,0,1697729213, 
13,56586,22011,18000,0,0,0,0,1697726657, 
14,62196,22011,18000,0,0,0,0,1697724729, 
15,67174,22011,18000,0,0,0,0,1697727706, 
16,46166,21211,9000,0,0,0,0,1697729281, 
17,51776,21211,9000,0,0,0,0,1697729281, 
18,57386,21211,9000,0,0,0,0,1697732727, 
19,62996,21211,9000,0,0,0,0,1697732820, 
20,63496,3036,9090,0,0,0,0,1697729732, 
21,57887,3036,9020,0,0,0,0,1697731265, 
21001,46166,21111,9000,0,0,0,0,1697731435, 
21002,46166,21011,9000,0,0,0,0,1697731462, 
21003,46166,20911,9000,0,0,0,0,1697731462, 
21004,46166,20811,9000,0,0,0,0,1697731462, 
21005,46166,20711,9000,0,0,0,0,1697731462, 
21006,46166,20611,9000,0,0,0,0,1697731462, 
21007,46166,20511,9000,0,0,0,0,1697731462, 
21008,46166,20411,9000,0,0,0,0,1697731462, 
21009,46166,20311,9000,0,0,0,0,1697731462, 
21010,46166,20211,9000,0,0,0,0,1697731462, 
21011,46166,20111,9000,0,0,0,0,1697731462, 
21012,46166,20011,9000,0,0,0,0,1697731462, 
21013,46166,19911,9000,0,0,0,0,1697731462, 
21014,46166,19811,9000,0,0,0,0,1697731462, 
21015,46166,19711,9000,0,0,0,0,1697731462, 
21016,46166,19611,9000,0,0,0,0,1697731462, 
21017,46166,19511,9000,0,0,0,0,1697731462, 
21018,46166,19411,9000,0,0,0,0,1697731462, 
21019,46166,19311,9000,0,0,0,0,1697731462, 
21020,46166,19211,9000,0,0,0,0,1697731463, 
21021,46166,19111,9000,0,0,0,0,1697731463, 
21022,46166,19011,9000,0,0,0,0,1697731463, 
21023,46166,18911,9000,0,0,0,0,1697731463, 
21024,46166,18811,9000,0,0,0,0,1697731463, 
21025,46166,18711,9000,0,0,0,0,1697731463, 
21026,46166,18611,9000,0,0,0,0,1697731463, 
21027,46166,18511,9000,0,0,0,0,1697731463, 
21028,46166,18411,9000,0,0,0,0,1697731463, 
21029,46166,18311,9000,0,0,0,0,1697731463, 
21030,46166,18211,9000,0,0,0,0,1697731463, 
21031,46166,18111,9000,0,0,0,0,1697731463, 
21032,46166,18011,9000,0,0,0,0,1697731463, 
21033,46166,17911,9000,0,0,0,0,1697731463, 
21034,46166,17811,9000,0,0,0,0,1697731463, 
21035,46166,17711,9000,0,0,0,0,1697731463, 
21036,46166,17611,9000,0,0,0,0,1697731463, 
21037,46166,17511,9000,0,0,0,0,1697731463, 
21038,46166,17411,9000,0,0,0,0,1697731463, 
21039,46166,17311,9000,0,0,0,0,1697731463, 
21040,46166,17211,9000,0,0,0,0,1697731463, 
21041,46166,17111,9000,0,0,0,0,1697731463, 
21042,46166,17011,9000,0,0,0,0,1697731463, 
21043,46166,16911,9000,0,0,0,0,1697731463, 
21044,46166,16811,9000,0,0,0,0,1697731463, 
21045,46166,16711,9000,0,0,0,0,1697731463, 
21046,46166,16611,9000,0,0,0,0,1697731463, 
21047,46166,16511,9000,0,0,0,0,1697731463, 
21048,46166,16411,9000,0,0,0,0,1697731463, 
21049,46166,16311,9000,0,0,0,0,1697731463, 
21050,46166,16211,9000,0,0,0,0,1697731463, 
21051,46166,16111,9000,0,0,0,0,1697731463, 
21052,46166,16011,9000,0,0,0,0,1697731463, 
21053,46166,15911,9000,0,0,0,0,1697731463, 
21054,46166,15811,9000,0,0,0,0,1697731463, 
21055,46166,15711,9000,0,0,0,0,1697731463, 
21056,46166,15611,9000,0,0,0,0,1697731463, 
21057,46166,15511,9000,0,0,0,0,1697731463, 
21058,46166,15411,9000,0,0,0,0,1697731463, 
21059,46166,15311,9000,0,0,0,0,1697731463, 
21060,46166,15211,9000,0,0,0,0,1697731463, 
21061,46166,15111,9000,0,0,0,0,1697731463, 
21062,46166,15011,9000,0,0,0,0,1697731463, 
21063,46166,14911,9000,0,0,0,0,1697731463, 
21064,46166,14811,9000,0,0,0,0,1697731463, 
21065,46166,14711,9000,0,0,0,0,1697731463, 
21066,46166,14611,9000,0,0,0,0,1697731463, 
21067,46166,14511,9000,0,0,0,0,1697731463, 
21068,46166,14411,9000,0,0,0,0,1697731463, 
21069,46166,14311,9000,0,0,0,0,1697731463, 
21070,46166,14211,9000,0,0,0,0,1697731463, 
21071,46166,14111,9000,0,0,0,0,1697731463, 
21072,46166,14011,9000,0,0,0,0,1697731463, 
21073,46166,13911,9000,0,0,0,0,1697731463, 
21074,46166,13811,9000,0,0,0,0,1697731463, 
21075,46166,13711,9000,0,0,0,0,1697731463, 
21076,46166,13611,9000,0,0,0,0,1697731463, 
21077,46166,13511,9000,0,0,0,0,1697731463, 
21078,46166,13411,9000,0,0,0,0,1697731463, 
21079,46166,13311,9000,0,0,0,0,1697731463, 
21080,46166,13211,9000,0,0,0,0,1697731463, 
21081,46166,13111,9000,0,0,0,0,1697731463, 
21082,46166,13011,9000,0,0,0,0,1697731463, 
21083,46166,12911,9000,0,0,0,0,1697731463, 
21084,46166,12811,9000,0,0,0,0,1697731463, 
21085,46166,12711,9000,0,0,0,0,1697731463, 
21086,46166,12611,9000,0,0,0,0,1697731463, 
21087,46166,12511,9000,0,0,0,0,1697731463, 
21088,46166,12411,9000,0,0,0,0,1697731463, 
21089,46166,12311,9000,0,0,0,0,1697731463, 
21090,46166,12211,9000,0,0,0,0,1697731463, 
21091,46166,12111,9000,0,0,0,0,1697731463, 
21092,46166,12011,9000,0,0,0,0,1697731463, 
21093,46166,11911,9000,0,0,0,0,1697731463, 
21094,46166,11811,9000,0,0,0,0,1697731463, 
21095,46166,11711,9000,0,0,0,0,1697731463, 
21096,46166,11611,9000,0,0,0,0,1697731463, 
21097,46166,11511,9000,0,0,0,0,1697731463, 
21098,46166,11411,9000,0,0,0,0,1697731463, 
21099,46166,11311,9000,0,0,0,0,1697731463, 
21100,46166,11211,9000,0,0,0,0,1697731463, 
21101,46166,11111,9000,0,0,0,0,1697731463, 
21102,46166,11011,9000,0,0,0,0,1697731487, 
21103,46166,10911,9000,0,0,0,0,1697731487, 
21104,46166,10811,9000,0,0,0,0,1697731487, 
21105,46166,10711,9000,0,0,0,0,1697731488, 
21106,46166,10611,9000,0,0,0,0,1697731488, 
21107,46166,10511,9000,0,0,0,0,1697731488, 
21108,46166,10411,9000,0,0,0,0,1697731488, 
21109,46166,10311,9000,0,0,0,0,1697731488, 
21110,46166,10211,9000,0,0,0,0,1697731488, 
21111,46166,10111,9000,0,0,0,0,1697731488, 
21112,46166,10011,9000,0,0,0,0,1697731488, 
21113,46166,9911,9000,0,0,0,0,1697731488, 
21114,46166,9811,9000,0,0,0,0,1697731488, 
21115,46166,9711,9000,0,0,0,0,1697731488, 
21116,46166,9611,9000,0,0,0,0,1697731488, 
21117,46166,9511,9000,0,0,0,0,1697731488, 
21118,46166,9411,9000,0,0,0,0,1697731488, 
21119,46166,9311,9000,0,0,0,0,1697731488, 
21120,46166,9211,9000,0,0,0,0,1697731488, 
21121,46166,9111,9000,0,0,0,0,1697731488, 
21122,46166,9011,9000,0,0,0,0,1697731488, 
21123,46166,8911,9000,0,0,0,0,1697731488, 
21124,46166,8811,9000,0,0,0,0,1697731488, 
21125,46166,8711,9000,0,0,0,0,1697731488, 
21126,46166,8611,9000,0,0,0,0,1697731488, 
21127,46166,8511,9000,0,0,0,0,1697731488, 
21128,46166,8411,9000,0,0,0,0,1697731488, 
21129,46166,8311,9000,0,0,0,0,1697731488, 
21130,46166,8211,9000,0,0,0,0,1697731488, 
21131,46166,8111,9000,0,0,0,0,1697731488, 
21132,46166,8011,9000,0,0,0,0,1697731488, 
21133,46166,7911,9000,0,0,0,0,1697731488, 
21134,46166,7811,9000,0,0,0,0,1697731488, 
21135,46166,7711,9000,0,0,0,0,1697731488, 
21136,46166,7611,9000,0,0,0,0,1697731488, 
21137,46166,7511,9000,0,0,0,0,1697731488, 
21138,46166,7411,9000,0,0,0,0,1697731488, 
21139,46166,7311,9000,0,0,0,0,1697731488, 
21140,46166,7211,9000,0,0,0,0,1697731488, 
21141,46166,7111,9000,0,0,0,0,1697731488, 
21142,46166,7011,9000,0,0,0,0,1697731488, 
21143,46166,6911,9000,0,0,0,0,1697731488, 
21144,46166,6811,9000,0,0,0,0,1697731488, 
21145,46166,6711,9000,0,0,0,0,1697731488, 
21146,46166,6611,9000,0,0,0,0,1697731488, 
21147,46166,6511,9000,0,0,0,0,1697731488, 
21148,46166,6411,9000,0,0,0,0,1697731488, 
21149,46166,6311,9000,0,0,0,0,1697731488, 
21150,46166,6211,9000,0,0,0,0,1697731488, 
21151,46166,6111,9000,0,0,0,0,1697731488, 
21152,46166,6011,9000,0,0,0,0,1697731488, 
21153,46166,5911,9000,0,0,0,0,1697731488, 
21154,46166,5811,9000,0,0,0,0,1697731488, 
21155,46166,5711,9000,0,0,0,0,1697731488, 
21156,46166,5611,9000,0,0,0,0,1697731488, 
21157,46166,5511,9000,0,0,0,0,1697731488, 
21158,46166,5411,9000,0,0,0,0,1697731488, 
21159,46166,5311,9000,0,0,0,0,1697731488, 
21160,46166,5211,9000,0,0,0,0,1697731488, 
21161,46166,5111,9000,0,0,0,0,1697731488, 
21162,46166,5011,9000,0,0,0,0,1697731488, 
21163,46166,4911,9000,0,0,0,0,1697731488, 
21164,46166,4811,9000,0,0,0,0,1697731488, 
21165,46166,4711,9000,0,0,0,0,1697731488, 
21166,46166,4611,9000,0,0,0,0,1697731488, 
21167,46166,4511,9000,0,0,0,0,1697731488, 
21168,46166,4411,9000,0,0,0,0,1697731488, 
21169,46166,4311,9000,0,0,0,0,1697731488, 
21170,46166,4211,9000,0,0,0,0,1697731488, 
21171,46166,4111,9000,0,0,0,0,1697731488, 
21172,46166,4011,9000,0,0,0,0,1697731488, 
21173,46166,3911,9000,0,0,0,0,1697731488, 
21174,46166,3811,9000,0,0,0,0,1697731488, 
21175,46166,3711,9000,0,0,0,0,1697731488, 
21176,46166,3611,9000,0,0,0,0,1697731488, 
21177,46166,3511,9000,0,0,0,0,1697731488, 
21178,46166,3411,9000,0,0,0,0,1697731488, 
21179,46166,3311,9000,0,0,0,0,1697731488, 
21180,46166,3211,9000,0,0,0,0,1697731488, 
21181,46166,3111,9000,0,0,0,0,1697731488, 
23001,51776,21111,9000,0,0,0,0,1697731654, 
23002,51776,21011,9000,0,0,0,0,1697731669, 
23003,51776,20911,9000,0,0,0,0,1697731669, 
23004,51776,20811,9000,0,0,0,0,1697731669, 
23005,51776,20711,9000,0,0,0,0,1697731669, 
23006,51776,20611,9000,0,0,0,0,1697731669, 
23007,51776,20511,9000,0,0,0,0,1697731669, 
23008,51776,20411,9000,0,0,0,0,1697731669, 
23009,51776,20311,9000,0,0,0,0,1697731669, 
23010,51776,20211,9000,0,0,0,0,1697731669, 
23011,51776,20111,9000,0,0,0,0,1697731669, 
23012,51776,20011,9000,0,0,0,0,1697731669, 
23013,51776,19911,9000,0,0,0,0,1697731669, 
23014,51776,19811,9000,0,0,0,0,1697731669, 
23015,51776,19711,9000,0,0,0,0,1697731669, 
23016,51776,19611,9000,0,0,0,0,1697731669, 
23017,51776,19511,9000,0,0,0,0,1697731669, 
23018,51776,19411,9000,0,0,0,0,1697731669, 
23019,51776,19311,9000,0,0,0,0,1697731669, 
23020,51776,19211,9000,0,0,0,0,1697731669, 
23021,51776,19111,9000,0,0,0,0,1697731669, 
23022,51776,19011,9000,0,0,0,0,1697731669, 
23023,51776,18911,9000,0,0,0,0,1697731669, 
23024,51776,18811,9000,0,0,0,0,1697731669, 
23025,51776,18711,9000,0,0,0,0,1697731669, 
23026,51776,18611,9000,0,0,0,0,1697731669, 
23027,51776,18511,9000,0,0,0,0,1697731669, 
23028,51776,18411,9000,0,0,0,0,1697731669, 
23029,51776,18311,9000,0,0,0,0,1697731669, 
23030,51776,18211,9000,0,0,0,0,1697731669, 
23031,51776,18111,9000,0,0,0,0,1697731670, 
23032,51776,18011,9000,0,0,0,0,1697731670, 
23033,51776,17911,9000,0,0,0,0,1697731670, 
23034,51776,17811,9000,0,0,0,0,1697731670, 
23035,51776,17711,9000,0,0,0,0,1697731670, 
23036,51776,17611,9000,0,0,0,0,1697731670, 
23037,51776,17511,9000,0,0,0,0,1697731670, 
23038,51776,17411,9000,0,0,0,0,1697731670, 
23039,51776,17311,9000,0,0,0,0,1697731670, 
23040,51776,17211,9000,0,0,0,0,1697731670, 
23041,51776,17111,9000,0,0,0,0,1697731670, 
23042,51776,17011,9000,0,0,0,0,1697731670, 
23043,51776,16911,9000,0,0,0,0,1697731670, 
23044,51776,16811,9000,0,0,0,0,1697731670, 
23045,51776,16711,9000,0,0,0,0,1697731670, 
23046,51776,16611,9000,0,0,0,0,1697731670, 
23047,51776,16511,9000,0,0,0,0,1697731670, 
23048,51776,16411,9000,0,0,0,0,1697731670, 
23049,51776,16311,9000,0,0,0,0,1697731670, 
23050,51776,16211,9000,0,0,0,0,1697731670, 
23051,51776,16111,9000,0,0,0,0,1697731670, 
23052,51776,16011,9000,0,0,0,0,1697731670, 
23053,51776,15911,9000,0,0,0,0,1697731670, 
23054,51776,15811,9000,0,0,0,0,1697731670, 
23055,51776,15711,9000,0,0,0,0,1697731670, 
23056,51776,15611,9000,0,0,0,0,1697731670, 
23057,51776,15511,9000,0,0,0,0,1697731670, 
23058,51776,15411,9000,0,0,0,0,1697731670, 
23059,51776,15311,9000,0,0,0,0,1697731670, 
23060,51776,15211,9000,0,0,0,0,1697731670, 
23061,51776,15111,9000,0,0,0,0,1697731670, 
23062,51776,15011,9000,0,0,0,0,1697731670, 
23063,51776,14911,9000,0,0,0,0,1697731670, 
23064,51776,14811,9000,0,0,0,0,1697731670, 
23065,51776,14711,9000,0,0,0,0,1697731670, 
23066,51776,14611,9000,0,0,0,0,1697731670, 
23067,51776,14511,9000,0,0,0,0,1697731670, 
23068,51776,14411,9000,0,0,0,0,1697731670, 
23069,51776,14311,9000,0,0,0,0,1697731670, 
23070,51776,14211,9000,0,0,0,0,1697731670, 
23071,51776,14111,9000,0,0,0,0,1697731670, 
23072,51776,14011,9000,0,0,0,0,1697731670, 
23073,51776,13911,9000,0,0,0,0,1697731670, 
23074,51776,13811,9000,0,0,0,0,1697731670, 
23075,51776,13711,9000,0,0,0,0,1697731670, 
23076,51776,13611,9000,0,0,0,0,1697731670, 
23077,51776,13511,9000,0,0,0,0,1697731670, 
23078,51776,13411,9000,0,0,0,0,1697731670, 
23079,51776,13311,9000,0,0,0,0,1697731670, 
23080,51776,13211,9000,0,0,0,0,1697731670, 
23081,51776,13111,9000,0,0,0,0,1697731670, 
23082,51776,13011,9000,0,0,0,0,1697731670, 
23083,51776,12911,9000,0,0,0,0,1697731670, 
23084,51776,12811,9000,0,0,0,0,1697731670, 
23085,51776,12711,9000,0,0,0,0,1697731670, 
23086,51776,12611,9000,0,0,0,0,1697731670, 
23087,51776,12511,9000,0,0,0,0,1697731670, 
23088,51776,12411,9000,0,0,0,0,1697731670, 
23089,51776,12311,9000,0,0,0,0,1697731670, 
23090,51776,12211,9000,0,0,0,0,1697731670, 
23091,51776,12111,9000,0,0,0,0,1697731670, 
23092,51776,12011,9000,0,0,0,0,1697731670, 
23093,51776,11911,9000,0,0,0,0,1697731670, 
23094,51776,11811,9000,0,0,0,0,1697731670, 
23095,51776,11711,9000,0,0,0,0,1697731670, 
23096,51776,11611,9000,0,0,0,0,1697731670, 
23097,51776,11511,9000,0,0,0,0,1697731670, 
23098,51776,11411,9000,0,0,0,0,1697731670, 
23099,51776,11311,9000,0,0,0,0,1697731670, 
23100,51776,11211,9000,0,0,0,0,1697731670, 
23101,51776,11111,9000,0,0,0,0,1697731670, 
23102,51776,11011,9000,0,0,0,0,1697731712, 
23103,51776,10911,9000,0,0,0,0,1697731712, 
23104,51776,10811,9000,0,0,0,0,1697731712, 
23105,51776,10711,9000,0,0,0,0,1697731712, 
23106,51776,10611,9000,0,0,0,0,1697731712, 
23107,51776,10511,9000,0,0,0,0,1697731712, 
23108,51776,10411,9000,0,0,0,0,1697731712, 
23109,51776,10311,9000,0,0,0,0,1697731712, 
23110,51776,10211,9000,0,0,0,0,1697731712, 
23111,51776,10111,9000,0,0,0,0,1697731712, 
23112,51776,10011,9000,0,0,0,0,1697731712, 
23113,51776,9911,9000,0,0,0,0,1697731712, 
23114,51776,9811,9000,0,0,0,0,1697731712, 
23115,51776,9711,9000,0,0,0,0,1697731712, 
23116,51776,9611,9000,0,0,0,0,1697731712, 
23117,51776,9511,9000,0,0,0,0,1697731712, 
23118,51776,9411,9000,0,0,0,0,1697731712, 
23119,51776,9311,9000,0,0,0,0,1697731712, 
23120,51776,9211,9000,0,0,0,0,1697731712, 
23121,51776,9111,9000,0,0,0,0,1697731712, 
23122,51776,9011,9000,0,0,0,0,1697731712, 
23123,51776,8911,9000,0,0,0,0,1697731712, 
23124,51776,8811,9000,0,0,0,0,1697731712, 
23125,51776,8711,9000,0,0,0,0,1697731712, 
23126,51776,8611,9000,0,0,0,0,1697731712, 
23127,51776,8511,9000,0,0,0,0,1697731712, 
23128,51776,8411,9000,0,0,0,0,1697731712, 
23129,51776,8311,9000,0,0,0,0,1697731712, 
23130,51776,8211,9000,0,0,0,0,1697731712, 
23131,51776,8111,9000,0,0,0,0,1697731712, 
23132,51776,8011,9000,0,0,0,0,1697731712, 
23133,51776,7911,9000,0,0,0,0,1697731712, 
23134,51776,7811,9000,0,0,0,0,1697731712, 
23135,51776,7711,9000,0,0,0,0,1697731712, 
23136,51776,7611,9000,0,0,0,0,1697731712, 
23137,51776,7511,9000,0,0,0,0,1697731712, 
23138,51776,7411,9000,0,0,0,0,1697731712, 
23139,51776,7311,9000,0,0,0,0,1697731712, 
23140,51776,7211,9000,0,0,0,0,1697731712, 
23141,51776,7111,9000,0,0,0,0,1697731712, 
23142,51776,7011,9000,0,0,0,0,1697731712, 
23143,51776,6911,9000,0,0,0,0,1697731712, 
23144,51776,6811,9000,0,0,0,0,1697731712, 
23145,51776,6711,9000,0,0,0,0,1697731712, 
23146,51776,6611,9000,0,0,0,0,1697731712, 
23147,51776,6511,9000,0,0,0,0,1697731712, 
23148,51776,6411,9000,0,0,0,0,1697731712, 
23149,51776,6311,9000,0,0,0,0,1697731712, 
23150,51776,6211,9000,0,0,0,0,1697731712, 
23151,51776,6111,9000,0,0,0,0,1697731712, 
23152,51776,6011,9000,0,0,0,0,1697731712, 
23153,51776,5911,9000,0,0,0,0,1697731712, 
23154,51776,5811,9000,0,0,0,0,1697731712, 
23155,51776,5711,9000,0,0,0,0,1697731712, 
23156,51776,5611,9000,0,0,0,0,1697731712, 
23157,51776,5511,9000,0,0,0,0,1697731712, 
23158,51776,5411,9000,0,0,0,0,1697731712, 
23159,51776,5311,9000,0,0,0,0,1697731712, 
23160,51776,5211,9000,0,0,0,0,1697731712, 
23161,51776,5111,9000,0,0,0,0,1697731713, 
23162,51776,5011,9000,0,0,0,0,1697731713, 
23163,51776,4911,9000,0,0,0,0,1697731713, 
23164,51776,4811,9000,0,0,0,0,1697731713, 
23165,51776,4711,9000,0,0,0,0,1697731713, 
23166,51776,4611,9000,0,0,0,0,1697731713, 
23167,51776,4511,9000,0,0,0,0,1697731713, 
23168,51776,4411,9000,0,0,0,0,1697731713, 
23169,51776,4311,9000,0,0,0,0,1697731713, 
23170,51776,4211,9000,0,0,0,0,1697731713, 
23171,51776,4111,9000,0,0,0,0,1697731713, 
23172,51776,4011,9000,0,0,0,0,1697731713, 
23173,51776,3911,9000,0,0,0,0,1697731713, 
23174,51776,3811,9000,0,0,0,0,1697731713, 
23175,51776,3711,9000,0,0,0,0,1697731713, 
23176,51776,3611,9000,0,0,0,0,1697731713, 
23177,51776,3511,9000,0,0,0,0,1697731713, 
23178,51776,3411,9000,0,0,0,0,1697731713, 
23179,51776,3311,9000,0,0,0,0,1697731713, 
23180,51776,3211,9000,0,0,0,0,1697731713, 
23181,51776,3111,9000,0,0,0,0,1697731713, 
25001,57386,21111,9000,0,0,0,0,1697733892, 
25002,57386,21011,9000,0,0,0,0,1697733892, 
25003,57386,20911,9000,0,0,0,0,1697733892, 
25004,57386,20811,9000,0,0,0,0,1697733892, 
25005,57386,20711,9000,0,0,0,0,1697733892, 
25006,57386,20611,9000,0,0,0,0,1697733892, 
25007,57386,20511,9000,0,0,0,0,1697733892, 
25008,57386,20411,9000,0,0,0,0,1697733892, 
25009,57386,20311,9000,0,0,0,0,1697733892, 
25010,57386,20211,9000,0,0,0,0,1697733892, 
25011,57386,20111,9000,0,0,0,0,1697733892, 
25012,57386,20011,9000,0,0,0,0,1697733892, 
25013,57386,19911,9000,0,0,0,0,1697733892, 
25014,57386,19811,9000,0,0,0,0,1697733892, 
25015,57386,19711,9000,0,0,0,0,1697733892, 
25016,57386,19611,9000,0,0,0,0,1697733892, 
25017,57386,19511,9000,0,0,0,0,1697733892, 
25018,57386,19411,9000,0,0,0,0,1697733892, 
25019,57386,19311,9000,0,0,0,0,1697733892, 
25020,57386,19211,9000,0,0,0,0,1697733892, 
25021,57386,19111,9000,0,0,0,0,1697733892, 
25022,57386,19011,9000,0,0,0,0,1697733892, 
25023,57386,18911,9000,0,0,0,0,1697733892, 
25024,57386,18811,9000,0,0,0,0,1697733892, 
25025,57386,18711,9000,0,0,0,0,1697733892, 
25026,57386,18611,9000,0,0,0,0,1697733892, 
25027,57386,18511,9000,0,0,0,0,1697733892, 
25028,57386,18411,9000,0,0,0,0,1697733892, 
25029,57386,18311,9000,0,0,0,0,1697733892, 
25030,57386,18211,9000,0,0,0,0,1697733892, 
25031,57386,18111,9000,0,0,0,0,1697733892, 
25032,57386,18011,9000,0,0,0,0,1697733892, 
25033,57386,17911,9000,0,0,0,0,1697733892, 
25034,57386,17811,9000,0,0,0,0,1697733892, 
25035,57386,17711,9000,0,0,0,0,1697733892, 
25036,57386,17611,9000,0,0,0,0,1697733892, 
25037,57386,17511,9000,0,0,0,0,1697733892, 
25038,57386,17411,9000,0,0,0,0,1697733892, 
25039,57386,17311,9000,0,0,0,0,1697733892, 
25040,57386,17211,9000,0,0,0,0,1697733892, 
25041,57386,17111,9000,0,0,0,0,1697733892, 
25042,57386,17011,9000,0,0,0,0,1697733892, 
25043,57386,16911,9000,0,0,0,0,1697733892, 
25044,57386,16811,9000,0,0,0,0,1697733892, 
25045,57386,16711,9000,0,0,0,0,1697733892, 
25046,57386,16611,9000,0,0,0,0,1697733892, 
25047,57386,16511,9000,0,0,0,0,1697733892, 
25048,57386,16411,9000,0,0,0,0,1697733892, 
25049,57386,16311,9000,0,0,0,0,1697733892, 
25050,57386,16211,9000,0,0,0,0,1697733892, 
25051,57386,16111,9000,0,0,0,0,1697733892, 
25052,57386,16011,9000,0,0,0,0,1697733892, 
25053,57386,15911,9000,0,0,0,0,1697733892, 
25054,57386,15811,9000,0,0,0,0,1697733892, 
25055,57386,15711,9000,0,0,0,0,1697733892, 
25056,57386,15611,9000,0,0,0,0,1697733892, 
25057,57386,15511,9000,0,0,0,0,1697733892, 
25058,57386,15411,9000,0,0,0,0,1697733892, 
25059,57386,15311,9000,0,0,0,0,1697733892, 
25060,57386,15211,9000,0,0,0,0,1697733892, 
25061,57386,15111,9000,0,0,0,0,1697733892, 
25062,57386,15011,9000,0,0,0,0,1697733892, 
25063,57386,14911,9000,0,0,0,0,1697733892, 
25064,57386,14811,9000,0,0,0,0,1697733892, 
25065,57386,14711,9000,0,0,0,0,1697733892, 
25066,57386,14611,9000,0,0,0,0,1697733892, 
25067,57386,14511,9000,0,0,0,0,1697733892, 
25068,57386,14411,9000,0,0,0,0,1697733892, 
25069,57386,14311,9000,0,0,0,0,1697733892, 
25070,57386,14211,9000,0,0,0,0,1697733892, 
25071,57386,14111,9000,0,0,0,0,1697733892, 
25072,57386,14011,9000,0,0,0,0,1697733892, 
25073,57386,13911,9000,0,0,0,0,1697733892, 
25074,57386,13811,9000,0,0,0,0,1697733892, 
25075,57386,13711,9000,0,0,0,0,1697733892, 
25076,57386,13611,9000,0,0,0,0,1697733892, 
25077,57386,13511,9000,0,0,0,0,1697733892, 
25078,57386,13411,9000,0,0,0,0,1697733892, 
25079,57386,13311,9000,0,0,0,0,1697733892, 
25080,57386,13211,9000,0,0,0,0,1697733892, 
25081,57386,13111,9000,0,0,0,0,1697733892, 
25082,57386,13011,9000,0,0,0,0,1697733892, 
25083,57386,12911,9000,0,0,0,0,1697733892, 
25084,57386,12811,9000,0,0,0,0,1697733892, 
25085,57386,12711,9000,0,0,0,0,1697733892, 
25086,57386,12611,9000,0,0,0,0,1697733892, 
25087,57386,12511,9000,0,0,0,0,1697733892, 
25088,57386,12411,9000,0,0,0,0,1697733892, 
25089,57386,12311,9000,0,0,0,0,1697733892, 
25090,57386,12211,9000,0,0,0,0,1697733892, 
25091,57386,12111,9000,0,0,0,0,1697733892, 
25092,57386,12011,9000,0,0,0,0,1697733892, 
25093,57386,11911,9000,0,0,0,0,1697733892, 
25094,57386,11811,9000,0,0,0,0,1697733892, 
25095,57386,11711,9000,0,0,0,0,1697733892, 
25096,57386,11611,9000,0,0,0,0,1697733892, 
25097,57386,11511,9000,0,0,0,0,1697733892, 
25098,57386,11411,9000,0,0,0,0,1697733892, 
25099,57386,11311,9000,0,0,0,0,1697733892, 
25100,57386,11211,9000,0,0,0,0,1697733892, 
25101,57386,11111,9000,0,0,0,0,1697733892, 
25102,57386,11011,9000,0,0,0,0,1697733892, 
25103,57386,10911,9000,0,0,0,0,1697733892, 
25104,57386,10811,9000,0,0,0,0,1697733892, 
25105,57386,10711,9000,0,0,0,0,1697733892, 
25106,57386,10611,9000,0,0,0,0,1697733892, 
25107,57386,10511,9000,0,0,0,0,1697733892, 
25108,57386,10411,9000,0,0,0,0,1697733892, 
25109,57386,10311,9000,0,0,0,0,1697733892, 
25110,57386,10211,9000,0,0,0,0,1697733892, 
25111,57386,10111,9000,0,0,0,0,1697733892, 
25112,57386,10011,9000,0,0,0,0,1697733892, 
25113,57386,9911,9000,0,0,0,0,1697733892, 
25114,57386,9811,9000,0,0,0,0,1697733892, 
25115,57386,9711,9000,0,0,0,0,1697733892, 
25116,57386,9611,9000,0,0,0,0,1697733892, 
25117,57386,9511,9000,0,0,0,0,1697733892, 
25118,57386,9411,9000,0,0,0,0,1697733892, 
25119,57386,9311,9000,0,0,0,0,1697733892, 
25120,57386,9211,9000,0,0,0,0,1697733892, 
25121,57386,9111,9000,0,0,0,0,1697733892, 
25122,57386,9011,9000,0,0,0,0,1697733892, 
25123,57386,8911,9000,0,0,0,0,1697733892, 
25124,57386,8811,9000,0,0,0,0,1697733892, 
25125,57386,8711,9000,0,0,0,0,1697733892, 
25126,57386,8611,9000,0,0,0,0,1697733892, 
25127,57386,8511,9000,0,0,0,0,1697733892, 
25128,57386,8411,9000,0,0,0,0,1697733892, 
25129,57386,8311,9000,0,0,0,0,1697733892, 
25130,57386,8211,9000,0,0,0,0,1697733892, 
25131,57386,8111,9000,0,0,0,0,1697733892, 
25132,57386,8011,9000,0,0,0,0,1697733892, 
25133,57386,7911,9000,0,0,0,0,1697733892, 
25134,57386,7811,9000,0,0,0,0,1697733892, 
25135,57386,7711,9000,0,0,0,0,1697733892, 
25136,57386,7611,9000,0,0,0,0,1697733892, 
25137,57386,7511,9000,0,0,0,0,1697733892, 
25138,57386,7411,9000,0,0,0,0,1697733892, 
25139,57386,7311,9000,0,0,0,0,1697733892, 
25140,57386,7211,9000,0,0,0,0,1697733892, 
25141,57386,7111,9000,0,0,0,0,1697733892, 
25142,57386,7011,9000,0,0,0,0,1697733892, 
25143,57386,6911,9000,0,0,0,0,1697733892, 
25144,57386,6811,9000,0,0,0,0,1697733892, 
25145,57386,6711,9000,0,0,0,0,1697733892, 
25146,57386,6611,9000,0,0,0,0,1697733892, 
25147,57386,6511,9000,0,0,0,0,1697733892, 
25148,57386,6411,9000,0,0,0,0,1697733892, 
25149,57386,6311,9000,0,0,0,0,1697733892, 
25150,57386,6211,9000,0,0,0,0,1697733892, 
25151,57386,6111,9000,0,0,0,0,1697733892, 
25152,57386,6011,9000,0,0,0,0,1697733892, 
25153,57386,5911,9000,0,0,0,0,1697733892, 
25154,57386,5811,9000,0,0,0,0,1697733892, 
25155,57386,5711,9000,0,0,0,0,1697733892, 
25156,57386,5611,9000,0,0,0,0,1697733892, 
25157,57386,5511,9000,0,0,0,0,1697733892, 
25158,57386,5411,9000,0,0,0,0,1697733892, 
25159,57386,5311,9000,0,0,0,0,1697733892, 
25160,57386,5211,9000,0,0,0,0,1697733892, 
25161,57386,5111,9000,0,0,0,0,1697733892, 
25162,57386,5011,9000,0,0,0,0,1697733892, 
25163,57386,4911,9000,0,0,0,0,1697733892, 
25164,57386,4811,9000,0,0,0,0,1697733892, 
25165,57386,4711,9000,0,0,0,0,1697733892, 
25166,57386,4611,9000,0,0,0,0,1697733892, 
25167,57386,4511,9000,0,0,0,0,1697733892, 
25168,57386,4411,9000,0,0,0,0,1697733892, 
25169,57386,4311,9000,0,0,0,0,1697733892, 
25170,57386,4211,9000,0,0,0,0,1697733892, 
25171,57386,4111,9000,0,0,0,0,1697733892, 
25172,57386,4011,9000,0,0,0,0,1697733892, 
25173,57386,3911,9000,0,0,0,0,1697733892, 
25174,57386,3811,9000,0,0,0,0,1697733892, 
25175,57386,3711,9000,0,0,0,0,1697733892, 
25176,57386,3611,9000,0,0,0,0,1697733892, 
25177,57386,3511,9000,0,0,0,0,1697733892, 
25178,57386,3411,9000,0,0,0,0,1697733892, 
25179,57386,3311,9000,0,0,0,0,1697733892, 
25180,57386,3211,9000,0,0,0,0,1697733892, 
25181,57386,3111,9000,0,0,0,0,1697733892, 
27001,62996,21111,9000,0,0,0,0,1697733812, 
27002,62996,21011,9000,0,0,0,0,1697733812, 
27003,62996,20911,9000,0,0,0,0,1697733812, 
27004,62996,20811,9000,0,0,0,0,1697733812, 
27005,62996,20711,9000,0,0,0,0,1697733812, 
27006,62996,20611,9000,0,0,0,0,1697733812, 
27007,62996,20511,9000,0,0,0,0,1697733812, 
27008,62996,20411,9000,0,0,0,0,1697733812, 
27009,62996,20311,9000,0,0,0,0,1697733812, 
27010,62996,20211,9000,0,0,0,0,1697733812, 
27011,62996,20111,9000,0,0,0,0,1697733812, 
27012,62996,20011,9000,0,0,0,0,1697733812, 
27013,62996,19911,9000,0,0,0,0,1697733812, 
27014,62996,19811,9000,0,0,0,0,1697733812, 
27015,62996,19711,9000,0,0,0,0,1697733812, 
27016,62996,19611,9000,0,0,0,0,1697733812, 
27017,62996,19511,9000,0,0,0,0,1697733812, 
27018,62996,19411,9000,0,0,0,0,1697733812, 
27019,62996,19311,9000,0,0,0,0,1697733812, 
27020,62996,19211,9000,0,0,0,0,1697733812, 
27021,62996,19111,9000,0,0,0,0,1697733812, 
27022,62996,19011,9000,0,0,0,0,1697733812, 
27023,62996,18911,9000,0,0,0,0,1697733812, 
27024,62996,18811,9000,0,0,0,0,1697733812, 
27025,62996,18711,9000,0,0,0,0,1697733812, 
27026,62996,18611,9000,0,0,0,0,1697733812, 
27027,62996,18511,9000,0,0,0,0,1697733812, 
27028,62996,18411,9000,0,0,0,0,1697733812, 
27029,62996,18311,9000,0,0,0,0,1697733812, 
27030,62996,18211,9000,0,0,0,0,1697733812, 
27031,62996,18111,9000,0,0,0,0,1697733812, 
27032,62996,18011,9000,0,0,0,0,1697733812, 
27033,62996,17911,9000,0,0,0,0,1697733812, 
27034,62996,17811,9000,0,0,0,0,1697733812, 
27035,62996,17711,9000,0,0,0,0,1697733812, 
27036,62996,17611,9000,0,0,0,0,1697733812, 
27037,62996,17511,9000,0,0,0,0,1697733812, 
27038,62996,17411,9000,0,0,0,0,1697733812, 
27039,62996,17311,9000,0,0,0,0,1697733812, 
27040,62996,17211,9000,0,0,0,0,1697733812, 
27041,62996,17111,9000,0,0,0,0,1697733812, 
27042,62996,17011,9000,0,0,0,0,1697733812, 
27043,62996,16911,9000,0,0,0,0,1697733812, 
27044,62996,16811,9000,0,0,0,0,1697733812, 
27045,62996,16711,9000,0,0,0,0,1697733812, 
27046,62996,16611,9000,0,0,0,0,1697733812, 
27047,62996,16511,9000,0,0,0,0,1697733812, 
27048,62996,16411,9000,0,0,0,0,1697733812, 
27049,62996,16311,9000,0,0,0,0,1697733812, 
27050,62996,16210,9000,0,0,0,0,1697733812, 
27051,62996,16111,9000,0,0,0,0,1697733812, 
27052,62996,16011,9000,0,0,0,0,1697733812, 
27053,62996,15911,9000,0,0,0,0,1697733812, 
27054,62996,15811,9000,0,0,0,0,1697733812, 
27055,62996,15711,9000,0,0,0,0,1697733812, 
27056,62996,15611,9000,0,0,0,0,1697733812, 
27057,62996,15511,9000,0,0,0,0,1697733812, 
27058,62996,15411,9000,0,0,0,0,1697733812, 
27059,62996,15311,9000,0,0,0,0,1697733812, 
27060,62996,15211,9000,0,0,0,0,1697733812, 
27061,62996,15111,9000,0,0,0,0,1697733812, 
27062,62996,15011,9000,0,0,0,0,1697733812, 
27063,62996,14911,9000,0,0,0,0,1697733812, 
27064,62996,14811,9000,0,0,0,0,1697733812, 
27065,62996,14711,9000,0,0,0,0,1697733812, 
27066,62996,14611,9000,0,0,0,0,1697733812, 
27067,62996,14511,9000,0,0,0,0,1697733812, 
27068,62996,14411,9000,0,0,0,0,1697733812, 
27069,62996,14311,9000,0,0,0,0,1697733812, 
27070,62996,14211,9000,0,0,0,0,1697733812, 
27071,62996,14111,9000,0,0,0,0,1697733812, 
27072,62996,14011,9000,0,0,0,0,1697733812, 
27073,62996,13911,9000,0,0,0,0,1697733812, 
27074,62996,13811,9000,0,0,0,0,1697733812, 
27075,62996,13711,9000,0,0,0,0,1697733812, 
27076,62996,13611,9000,0,0,0,0,1697733812, 
27077,62996,13511,9000,0,0,0,0,1697733812, 
27078,62996,13411,9000,0,0,0,0,1697733812, 
27079,62996,13311,9000,0,0,0,0,1697733812, 
27080,62996,13211,9000,0,0,0,0,1697733812, 
27081,62996,13111,9000,0,0,0,0,1697733812, 
27082,62996,13011,9000,0,0,0,0,1697733812, 
27083,62996,12911,9000,0,0,0,0,1697733812, 
27084,62996,12811,9000,0,0,0,0,1697733812, 
27085,62996,12711,9000,0,0,0,0,1697733812, 
27086,62996,12611,9000,0,0,0,0,1697733812, 
27087,62996,12511,9000,0,0,0,0,1697733812, 
27088,62996,12411,9000,0,0,0,0,1697733812, 
27089,62996,12311,9000,0,0,0,0,1697733812, 
27090,62996,12211,9000,0,0,0,0,1697733812, 
27091,62996,12111,9000,0,0,0,0,1697733812, 
27092,62996,12011,9000,0,0,0,0,1697733812, 
27093,62996,11911,9000,0,0,0,0,1697733812, 
27094,62996,11811,9000,0,0,0,0,1697733812, 
27095,62996,11711,9000,0,0,0,0,1697733812, 
27096,62996,11611,9000,0,0,0,0,1697733812, 
27097,62996,11511,9000,0,0,0,0,1697733812, 
27098,62996,11411,9000,0,0,0,0,1697733812, 
27099,62996,11311,9000,0,0,0,0,1697733812, 
27100,62996,11211,9000,0,0,0,0,1697733812, 
27101,62996,11111,9000,0,0,0,0,1697733812, 
27102,62996,11011,9000,0,0,0,0,1697733812, 
27103,62996,10911,9000,0,0,0,0,1697733812, 
27104,62996,10811,9000,0,0,0,0,1697733812, 
27105,62996,10711,9000,0,0,0,0,1697733812, 
27106,62996,10611,9000,0,0,0,0,1697733812, 
27107,62996,10511,9000,0,0,0,0,1697733812, 
27108,62996,10411,9000,0,0,0,0,1697733812, 
27109,62996,10311,9000,0,0,0,0,1697733812, 
27110,62996,10211,9000,0,0,0,0,1697733812, 
27111,62996,10111,9000,0,0,0,0,1697733812, 
27112,62996,10011,9000,0,0,0,0,1697733812, 
27113,62996,9911,9000,0,0,0,0,1697733812, 
27114,62996,9811,9000,0,0,0,0,1697733812, 
27115,62996,9711,9000,0,0,0,0,1697733812, 
27116,62996,9611,9000,0,0,0,0,1697733812, 
27117,62996,9511,9000,0,0,0,0,1697733812, 
27118,62996,9411,9000,0,0,0,0,1697733812, 
27119,62996,9311,9000,0,0,0,0,1697733812, 
27120,62996,9211,9000,0,0,0,0,1697733812, 
27121,62996,9111,9000,0,0,0,0,1697733812, 
27122,62996,9011,9000,0,0,0,0,1697733812, 
27123,62996,8911,9000,0,0,0,0,1697733812, 
27124,62996,8811,9000,0,0,0,0,1697733812, 
27125,62996,8711,9000,0,0,0,0,1697733812, 
27126,62996,8611,9000,0,0,0,0,1697733812, 
27127,62996,8511,9000,0,0,0,0,1697733812, 
27128,62996,8411,9000,0,0,0,0,1697733812, 
27129,62996,8311,9000,0,0,0,0,1697733812, 
27130,62996,8211,9000,0,0,0,0,1697733812, 
27131,62996,8111,9000,0,0,0,0,1697733812, 
27132,62996,8012,9000,0,0,0,0,1697733812, 
27133,62996,7911,9000,0,0,0,0,1697733812, 
27134,62996,7811,9000,0,0,0,0,1697733812, 
27135,62996,7711,9000,0,0,0,0,1697733812, 
27136,62996,7611,9000,0,0,0,0,1697733812, 
27137,62996,7511,9000,0,0,0,0,1697733812, 
27138,62996,7411,9000,0,0,0,0,1697733812, 
27139,62996,7311,9000,0,0,0,0,1697733812, 
27140,62996,7211,9000,0,0,0,0,1697733812, 
27141,62996,7111,9000,0,0,0,0,1697733812, 
27142,62996,7011,9000,0,0,0,0,1697733812, 
27143,62996,6911,9000,0,0,0,0,1697733812, 
27144,62996,6811,9000,0,0,0,0,1697733812, 
27145,62996,6711,9000,0,0,0,0,1697733812, 
27146,62996,6611,9000,0,0,0,0,1697733812, 
27147,62996,6511,9000,0,0,0,0,1697733812, 
27148,62996,6411,9000,0,0,0,0,1697733812, 
27149,62996,6311,9000,0,0,0,0,1697733812, 
27150,62996,6211,9000,0,0,0,0,1697733812, 
27151,62996,6111,9000,0,0,0,0,1697733812, 
27152,62996,6011,9000,0,0,0,0,1697733812, 
27153,62996,5911,9000,0,0,0,0,1697733812, 
27154,62996,5811,9000,0,0,0,0,1697733812, 
27155,62996,5711,9000,0,0,0,0,1697733812, 
27156,62996,5611,9000,0,0,0,0,1697733812, 
27157,62996,5511,9000,0,0,0,0,1697733812, 
27158,62996,5411,9000,0,0,0,0,1697733812, 
27159,62996,5311,9000,0,0,0,0,1697733812, 
27160,62996,5211,9000,0,0,0,0,1697733812, 
27161,62996,5111,9000,0,0,0,0,1697733812, 
27162,62996,5011,9000,0,0,0,0,1697733812, 
27163,62996,4911,9000,0,0,0,0,1697733812, 
27164,62996,4811,9000,0,0,0,0,1697733812, 
27165,62996,4711,9000,0,0,0,0,1697733812, 
27166,62996,4611,9000,0,0,0,0,1697733812, 
27167,62996,4511,9000,0,0,0,0,1697733812, 
27168,62996,4411,9000,0,0,0,0,1697733812, 
27169,62996,4311,9000,0,0,0,0,1697733812, 
27170,62996,4211,9000,0,0,0,0,1697733812, 
27171,62996,4111,9000,0,0,0,0,1697733812, 
27172,62996,4011,9000,0,0,0,0,1697733812, 
27173,62996,3911,9000,0,0,0,0,1697733812, 
27174,62996,3811,9000,0,0,0,0,1697733812, 
27175,62996,3711,9000,0,0,0,0,1697733812, 
27176,62996,3611,9000,0,0,0,0,1697733812, 
27177,62996,3511,9000,0,0,0,0,1697733812, 
27178,62996,3411,9000,0,0,0,0,1697733812, 
27179,62996,3311,9000,0,0,0,0,1697733812, 
27180,62996,3211,9000,0,0,0,0,1697733812, 
27181,62996,3111,9000,0,0,0,0,1697733812, 
